dept-1:0.561210960149765	0.09131675586104393
dept+1:0.5369305908679962	0.15965864741802216
std:0.5441354215145111	0.1265457421541214
lr/10:0.6338112354278564	0.01468173461034894
no_res:0.5369662642478943	0.1394883506000042
lr*10:0.6423127353191376	0.031378249637782574
no_norm:0.5392941236495972	0.1425609514117241
no_drop:0.6421234607696533	0.0348233375698328
lrd:0.5449365675449371	0.1216425709426403
no_self_loops:0.5421591699123383	0.06384615413844585
